256663
133915
12774
165204
2013
246275
203315
15143
10706
177173
11127
16942
14286
111532
263934
112290
55850
17092
278447
177428
10154
4802
238643
68642
184324
8529
162805
5436
7945
265798
256590
770
11883
4667
16472
9052
101335
5973
2845
16488
144528
12053
280917
14215
192681
155211
15750
1447
7738
7563
5926
174309
307956
17036
5159
1905
10970
12042
7589
15216
17782
246904
89793
114097
41447
288482
6156
14118
6440
6077
11029
8455
7262
178146
53
330238
115541
13103
47420
302209
3029
3056
64976
8415
13005
42144
269804
48789
75585
12969
12300
7134
28317
12560
4919
211282
17026
6513
213627
28807
138511
324224
15116
16533
272745
128803
8517
14844
5357
227498
166823
258254
2598
7372
282043
55035
12442
12434
11265
86196
151561
239403
138756
4651
258399
30692
8758
14787
6975
7317
76340
14974
158315
303787
9261
17733
191586
201717
10229
147656
310264
60982
313844
278509
265873
17767
10858
42665
996
135285
295974
108540
18650
160069
15743
7930
176556
234420
2868
253
49685
280682
5420
17000
173751
149388
780
288199
8942
6057
1103
64468
16029
238636
13359
128795
237238
262369
15261
18281
79651
16504
92385
1117
14172
4401
289002
62895
3883
2115
15011
124022
14141
9601
182473
547
13694
15774
17424
186640
3730
12006
75
9575
251302
12899
6250
16441
13770
2277
16432
14647
18311
14406
3078
5710
258588
184288
10546
63517
234316
15063
62727
268527
17430
182185
133759
12828
19457
117177
268435
3881
10675
17982
135259
4660
248872
11502
200959
57283
6420
180732
5832
146635
2936
215907
74024
150461
11177
127619
293561
9319
1563
143072
13988
16838
14882
63731
8151
204777
17459
29028
6381
11163
4433
1334
65991
135605
287017
52
12737
8757
10549
13786
8635
72508
142953
92835
13119
5600
86228
3946
5030
9537
13158
10060
7468
133110
9777
17418
184103
17432
2078
1974
13865
321840
6033
171649
6494
8995
72488
12873
85953
227534
8403
315077
219605
13794
220805
126707
178299
16523
5497
85676
4698
233151
5645
24260
12517
11717
10678
283499
13816
5227
210148
15678
313986
2071
268458
10501
2613
288979
154590
13917
15669
25690
291501
270953
191462
216984
122285
5461
300134
190523
229744
167925
167766
8947
41408
249137
178392
11064
2435
17446
4963
156195
177964
15270
161207
11842
122429
3554
201982
7305
46227
178363
16174
9171
15956
7370
140211
124367
795
299659
2803
11808
17892
41010
9872
7608
206871
226170
16457
64517
111541
254379
14845
197
159942
8188
136080
51584
5
7147
285192
263130
164202
8536
3652
2073
108390
18179
276997
261807
10918
3429
69979
3027
123197
172402
5192
13477
4685
172807
293807
2472
8651
59083
249749
8924
280250
16342
25352
14168
46008
10492
10055
15729
165790
114122
495
241489
15584
170526
228887
11536
9920
5787
12105
7656
91043
5133
10580
313801
283422
219870
1020
192557
10097
10607
61174
90543
90054
188307
13353
5243
13467
12975
192923
15771
4520
12196
66269
97566
265412
283111
15513
4156
102634
2442
12395
17596
269923
1206
258761
94977
136529
77053
284
1577
6133
11305
186273
5254
158991
5563
11979
9986
263455
10863
79
128622
7860
13689
12209
9727
11743
173835
114640
158013
145732
18346
168250
49172
13051
268856
204739
11791
288087
278459
83529
219204
118975
282468
166917
64954
43097
10279
2544
15253
304454
119269
46118
9010
11745
15889
5157
310327
164
79145
17744
266061
165922
14290
6709
734
129536
15661
14061
306517
77163
7268
3867
297255
5689
6333
281192
12968
15601
14827
69470
13232
282408
165563
237043
59520
12922
6952
6620
10269
315727
17179
296308
143361
170719
88608
218844
8972
252750
121765
191818
216808
237383
9724
4228
13248
144713
2149
2538
13146
185749
2587
256537
7426
478
54819
4231
1129
265934
11779
268541
2891
275152
201054
158207
261274
98277
155404
8713
143923
171764
17454
243118
18894
39204
107319
12222
2615
48105
20990
90326
13583
92459
14411
1872
199106
87987
67119
8524
13009
3287
94007
202333
7383
168
117290
3370
144102
229385
8578
279710
21300
295142
8890
14594
16343
216446
12353
2043
9041
155131
102946
15088
23268
267374
14830
126603
259385
10709
278160
175427
754
233820
195183
269550
8564
209610
13713
69387
314046
4171
86685
78633
3408
8193
2875
2639
10569
51760
170850
118208
1407
257755
13940
5241
1439
13293
69905
174287
2427
6880
6257
207829
194522
2590
499
95068
2515
305703
159015
257710
87898
13628
81620
18313
107804
301512
280436
240697
4076
325958
3906
254746
10207
17998
18537
173825
2832
151567
211945
866
160430
5518
64246
15644
49112
308358
13022
14873
15208
145153
4809
1809
139344
16211
137172
48818
99638
298283
113159
18836
253127
20869
89673
157533
147566
228970
10840
7673
227584
139264
291196
8664
284234
1152
1377
12285
133357
18038
288216
6322
10572
66654
4138
245476
1163
7403
106646
83339
240170
207747
81034
13732
244483
15662
17594
17360
48103
78450
16989
36754
86750
292398
3695
63500
10797
8220
16336
128640
3904
98816
74852
10609
5910
4285
441
218912
13113
6823
11324
5587
11840
312309
283860
195514
72978
7866
87034
277190
286607
54235
309171
16871
181
70865
87021
251423
245176
210468
4371
172575
314901
277372
314041
66588
118593
304447
283689
15236
3364
286150
17523
16023
18376
89763
13613
11641
261890
3080
144434
14008
65944
16801
262643
172806
5651
9170
7749
7241
123218
66542
211065
46212
242654
16447
312046
7649
126419
64601
250250
7457
747
4749
273584
5792
5950
160573
321143
11865
24750
160163
12077
11611
142998
17285
5669
10211
14139
10517
87210
48922
11438
13059
4897
13290
10016
10040
195759
139950
305107
8656
158653
72810
287980
25795
14377
192663
292561
4954
246603
7459
1209
157732
2175
12453
6669
85912
3882
8800
9892
29495
8649
93452
137636
15633
290500
133214
238392
6
136607
1038
7773
72510
103527
255405
17752
234678
212824
13483
61062
40908
95198
3786
10553
13994
21501
13634
260852
6280
12270
227463
262541
24436
15736
13250
221529
11496
292612
29521
5373
17554
11063
2571
53894
6141
17974
4603
247344
234892
306573
258257
256667
91258
48269
7858
3098
83896
14747
311881
365
299603
192496
2688
33173
7483
4289
106530
65512
4941
1798
8898
13305
7794
5038
16899
90917
313630
184117
103122
4596
108011
126044
57227
4561
214896
126277
228407
88970
263427
141254
87752
15117
44035
6060
46047
178447
7495
72231
79140
4414
22079
8009
869
17221
259556
229014
81012
164654
10605
262663
14541
218598
777
3397
10666
13007
108531
6885
103219
5676
319225
225880
37078
14454
13654
16458
1438
877
4773
3968
293867
82978
208922
68730
33889
96578
42191
125712
135836
2065
16518
8100
219016
14089
80841
170
105264
11783
185707
1875
48550
15651
11737
5302
28331
10426
313612
190796
1243
8880
7904
305773
176572
206
252648
12971
10029
5296
10757
16442
5702
261330
112433
94762
4184
91204
8386
12979
6601
13876
15327
6666
3518
8110
250273
10851
239284
6194
190805
242319
288471
288478
60686
95073
72475
192026
721
5413
291662
9719
272862
301860
239675
84337
2570
305755
219098
50735
3158
72933
6249
164898
111832
4499
62793
15936
10453
330193
273289
224449
13263
8950
487
2020
202272
13314
154758
9799
12289
105029
167747
87009
312025
198796
297878
2990
4352
39186
25367
16425
3483
91085
3106
235609
6651
98793
4053
2709
8195
312060
14445
5820
132840
4857
180229
14192
14034
182658
6809
108302
48049
11633
3326
243639
85322
14084
3961
11319
15131
291735
160243
161616
321332
292334
77880
114930
6334
2365
16283
137687
2400
240209
3466
54178
113034
525
5485
12402
157005
10653
287406
61307
4222
14202
10994
91610
13771
355
14105
255586
237178
20247
11845
292
16824
12983
142753
5100
17405
18908
236234
209681
258313
790
66613
7362
247641
13830
84505
8502
3434
7549
6373
320623
118808
10459
83496
5020
13002
2308
41753
5700
259804
8817
223287
228323
142742
67492
141176
12368
144591
291875
38945
69978
239311
239108
94869
17084
4921
14533
314080
15922
8554
286617
66536
247104
207345
12201
165208
72494
16836
238909
13765
65844
6124
12714
118044
114857
43232
84123
12441
18716
12052
195887
8224
95661
18888
80039
215215
228366
141219
10793
74790
263331
32957
11691
3124
12384
756
9165
10748
291337
292569
50968
49485
236323
14500
165146
44748
10552
100977
261767
6585
16467
160194
13029
9021
185244
4286
304553
14978
14068
12233
248776
126307
73422
108366
142982
13291
10424
5332
8136
29526
39401
27818
168645
2877
25783
14917
102950
78289
9201
3467
167
94042
141517
79150
143219
23007
209707
3710
9376
2380
3192
927
81257
288230
25665
6697
8747
238591
295613
201770
198546
10799
14608
4271
12586
12765
12641
22181
104403
165086
4719
785
139736
12779
4533
105070
16009
15607
90761
125413
259600
292512
7950
261435
77528
204503
212352
4866
269922
1159
63370
2408
13989
14642
1066
227726
177176
278456
288295
310412
146332
111674
191086
6758
65515
7943
17131
14363
9227
177
92318
10231
17368
22551
288418
247674
258597
18041
38381
27700
5912
44062
68083
261122
157701
9889
12626
72738
8918
9846
108412
9649
12633
293817
10943
15199
198699
294
9501
219825
1707
211305
230392
15770
9472
36720
112167
13530
8970
11750
15268
17022
9754
8727
15965
15355
4240
14120
16382
50297
33764
310467
578
112536
81773
215869
285814
307588
14344
9385
206452
165252
2169
242662
200840
314463
5557
18321
14802
69569
4211
304894
225884
311781
8834
68150
96538
12352
247196
12470
3144
13473
167491
1032
3693
9034
13141
128176
165706
68436
252747
39233
12980
254737
18268
10178
253315
210493
67940
131800
9026
160262
9313
306518
5495
291275
69483
86912
66579
158676
10128
280866
636
6696
7988
174219
5276
15342
11870
2479
316964
87222
187387
305785
256534
5855
40502
188516
36466
12210
178547
108530
2612
184900
3042
211621
138315
290674
43219
106712
42104
90369
229484
64598
27720
6238
165224
15058
23279
4797
13341
4616
12088
293686
8590
75114
230162
214599
3322
8615
190300
201420
291979
91671
278992
11476
12611
216805
182541
746
13584
255370
170704
250090
8975
309119
178385
160219
86325
17010
316187
5427
52626
124119
288291
17763
306871
60404
95102
85521
13400
226601
2761
285799
181150
1071
255156
263949
74347
675
234399
11681
186250
17975
3354
10992
311634
8251
16275
264200
171840
294263
243891
312202
239938
121738
81680
16369
107806
7595
15921
180015
3892
91589
143120
14878
164978
87869
62473
50315
115936
148
140016
292516
6405
14278
272903
13797
125702
7918
221125
18063
6594
62319
43499
9288
100818
286466
164998
10786
68785
3084
15905
7524
16844
227273
93187
190936
5928
10579
63557
18649
277414
119435
57055
21321
285711
10575
3719
4241
138697
146084
15093
263083
101826
90378
185701
286297
16183
14622
3697
2869
18211
13267
288219
1140
9348
165140
316
13513
15585
6713
308318
3884
190058
56592
1012
805
161431
13679
4534
254375
7085
1095
202994
105215
10698
4509
13787
10013
33744
14548
321176
174284
8507
7150
157000
236843
4176
13909
112612
257706
165132
15684
1897
249967
264279
14644
15384
118370
212326
10533
38436
1278
40872
1923
2476
229814
6872
6991
167984
3935
1196
8586
3430
202452
59038
15944
107665
75287
303069
2981
139164
11718
4513
73209
263401
12170
2603
244289
288007
4140
10085
3959
308883
55804
10139
207157
285169
17510
3053
305513
102620
12174
8549
84228
15110
252671
4772
4750
2731
298425
191695
78404
11320
10816
16863
329204
62272
5194
77852
5569
5088
248637
144167
10474
98692
314006
2424
6575
165607
163225
100723
147374
10913
300450
11337
127028
172824
167740
294516
5095
2970
48521
3597
241495
226048
5597
158090
89595
13662
69401
18837
188035
15958
255403
4426
283305
287440
12966
136673
33543
104396
66888
140223
21927
9143
10489
30284
242095
12930
7713
10661
18720
316943
14990
70586
66372
3148
5812
11926
15527
286639
4078
10777
15259
14284
228192
267015
78343
255228
2715
23061
7191
10770
5393
147
312521
6326
2829
49209
7296
270903
11596
12191
115898
247009
75164
11789
154606
217550
3591
29464
772
18361
5399
10805
65001
3671
17794
18681
7932
131327
122772
5154
226060
14934
315041
147397
4496
9183
18646
298680
75153
177969
338
9374
9016
8958
4733
215180
3312
7432
5580
166774
3641
15141
291338
235458
248720
273809
12900
4473
229202
3658
11046
258139
6407
13500
182312
10272
13391
12378
2928
12883
28197
13167
74695
213608
3604
13024
105471
11332
254367
62455
6654
280295
10687
9066
85677
5978
784
5715
50390
1896
5706
63406
6175
259114
9434
5320
6384
8306
141451
172154
286132
15898
13504
2704
277272
64599
49040
4701
50059
248423
12121
162707
290060
141038
249624
160068
12443
223374
5289
148933
6406
2666
13389
686
306890
166734
303450
182334
15287
5541
160809
173784
150679
7330
7981
11777
20083
7519
6048
40520
258730
9766
187483
310239
9330
8986
287914
12558
115918
8835
12189
277284
319774
13928
9940
258195
211163
15719
310333
280506
15731
2894
12046
260903
87907
93451
69037
276621
123989
150494
294628
297319
10644
4862
240161
2814
3081
6583
247068
25727
5853
57315
40642
98784
275652
113778
184964
3015
13028
14103
4082
21889
178434
183556
10699
10715
7302
9244
126999
15274
6108
15345
328800
304539
276185
122206
15997
196048
13764
11868
5271
307988
9280
67740
87903
12278
16270
12182
6386
303009
18830
13842
9786
21812
7513
253818
138804
127864
164685
18344
171501
288191
288218
255302
173797
247299
16716
9515
74671
314387
313758
1714
15026
201584
254864
79673
202628
41763
1670
12981
132184
13660
84001
11456
22918
501
30286
228377
280805
195461
210150
12761
12291
195290
313378
15856
14613
282121
9071
302781
10372
4710
230251
215723
13124
1972
194
99107
236232
18315
7152
30215
79652
55312
184958
310742
8505
86948
9053
209684
165712
187472
49440
119222
14828
10163
177442
8952
72197
12790
6122
2848
310435
84381
16267
222928
5247
93321
18518
13396
77941
172919
8974
91564
8622
111742
259583
302239
13015
277281
2448
288164
17879
1270
3116
279243
7681
2185
258465
268247
109890
7802
243926
9746
7680
4237
277731
15097
11162
218361
14093
154726
18343
14137
7663
160055
2867
8229
100798
288124
11774
28823
66703
8189
59133
13238
4193
176581
80191
9069
259
11186
4570
9647
147575
13476
288013
18260
261265
15083
13991
17331
15579
7291
165266
5575
188743
315301
171624
114728
251791
15805
12957
113140
108936
306654
14131
14179
10847
8166
11804
305740
18026
123242
85247
4018
245424
83936
15256
307803
11479
9190
8147
2198
735
238875
166280
197650
9349
207816
18099
278125
13117
5434
12847
252734
149239
261829
277033
1147
192671
285884
65313
162829
7962
11452
15610
135211
11558
8096
108078
122820
92746
268245
18115
264357
7545
14206
246392
154686
5722
17774
8250
308441
103115
305272
13592
4663
82713
6174
18895
1864
18334
198434
5803
22470
7730
234624
65829
264251
14098
184999
285179
3426
11981
9456
173931
91259
126284
277178
12548
5836
6827
303007
143554
294479
8819
100379
308860
6313
43820
5708
7617
83075
267934
15900
65831
16053
4764
287916
112547
139664
239259
7422
8424
73019
288357
28228
12742
288328
69059
13323
248717
9771
10226
82738
264290
207746
17796
25694
18331
185426
227350
11964
10401
233093
4315
4004
9207
192092
314386
11825
15772
665
305340
6269
277718
167678
6535
7722
19009
123229
77913
32924
8246
10174
15842
147160
54065
224955
286095
48038
7905
287465
268164
14545
154059
105186
115378
3888
201557
5725
1360
257698
287996
10860
95071
6498
75110
8238
12663
242701
1121
84887
5267
40765
172768
270813
2051
160311
128285
305742
178064
1325
35523
6400
178443
12346
176314
10152
184981
113170
162981
81302
213487
12680
97241
27739
85364
7609
15695
8074
16295
180956
10538
93174
3897
12239
4090
5595
104840
253124
6241
81338
7852
86676
290442
4883
131910
16982
8311
22372
140254
9036
149002
11721
215518
2009
14259
12625
1947
3155
6265
276981
12816
126498
3394
298415
242270
295969
865
135618
15229
7284
13296
106985
8509
35887
36150
143214
154637
8387
311233
322
12917
18128
215816
178153
8278
315836
106536
112442
14540
11984
150618
138498
7361
99164
9289
319987
218896
113150
88342
162683
12745
149773
13817
16012
11547
283053
4104
8966
61087
17353
330273
92577
52420
9536
17443
6707
209525
297486
293634
52436
8620
132307
272877
15520
34477
131624
13222
5899
2636
40741
13800
10073
304899
14356
207630
297216
146910
99597
1688
202415
247273
3656
4145
3722
303381
139911
173910
247443
243197
311212
8569
13985
77211
175551
100742
305799
302444
226462
295
305940
7332
188663
278283
42544
248595
10132
5258
124092
9356
289133
4288
81447
9823
263467
16805
6428
234567
12468
10270
111885
17417
304466
7593
7580
3713
14835
135630
2881
14201
93047
6512
196664
12320
4172
10808
12259
15444
163922
6213
11342
8700
215891
164210
1471
130089
302232
11879
8288
7804
7790
12376
63646
80970
253125
2816
311910
108403
14604
6450
14373
235288
278490
13610
222719
242029
299966
1741
294798
12066
89476
12632
5216
86980
158444
16696
15930
4490
43234
288437
3943
209462
3463
14876
267483
992
30483
316723
50266
247504
276243
3878
11534
13769
202809
11795
4903
13055
10583
10547
15105
277416
165058
8510
166735
168667
12820
253984
3346
297244
76251
127894
191879
17997
8203
2819
5948
1373
13781
48636
172779
7264
127065
105323
9432
205
248728
207514
14153
7882
62821
14347
7187
159002
14065
10993
157417
9425
13791
4767
66295
41396
91232
12220
4676
162764
236282
9938
9858
74957
84124
178301
16763
356
263729
6021
108431
33580
171591
2029
16159
103548
15816
68634
16800
182181
268956
9994
2609
678
4798
16075
8129
268160
17737
4856
40864
11656
617
100004
1327
3688
81574
60643
92757
2449
15890
113784
6095
288663
238388
6698
7441
173296
18464
170032
10524
4020
279579
301586
201877
32896
1585
261735
10465
15652
311827
10772
5755
38722
4813
5139
4544
92738
329345
15837
5766
11568
99084
5165
18689
9570
82827
12216
2642
110725
190392
3834
11701
84640
18119
288391
68140
209092
58882
189832
301509
11878
17795
184858
13390
3092
237261
321653
244294
5721
67016
36979
3583
14196
11871
94034
4758
13531
18368
1946
296215
8380
173789
108439
7737
84132
147135
304638
6647
5162
14365
52392
9618
3349
9191
18339
269819
2586
264502
18846
11697
11894
235654
207740
115927
71506
103505
131652
9876
263045
198
16327
5999
10245
43897
8103
55186
17129
82780
11624
71172
100250
160210
41421
23020
256951
11794
244271
162923
247990
17995
39985
4028
204787
291410
21909
11975
64554
33488
258413
1861
15611
62034
12430
6691
10260
8730
16373
8511
32954
114656
14472
76412
229332
124368
10122
18133
4324
12051
1420
228556
3457
12776
2012
11398
3455
18654
13284
4342
312096
2418
7954
10852
891
160298
8245
4881
11268
188579
12583
73497
247699
63629
144679
246973
13307
57077
8621
3388
86913
9522
11287
197573
173772
1700
15240
305265
2208
1198
11722
17746
13487
166025
86722
906
292795
263419
185033
314606
90343
13691
500
288373
14190
170538
10787
42572
11300
230278
12743
6859
5426
52073
73084
75191
261340
46028
154749
9359
49042
16879
3588
139887
4111
7744
238590
10594
5964
324
15320
16482
4933
167649
36998
10225
135168
46087
4779
21066
16929
3928
8379
18677
285475
9504
17051
194897
17015
222651
14563
15964
89770
51607
1068
129499
82948
308748
246749
2631
39172
16015
7849
313790
4855
311883
144405
86526
300991
297790
218189
3756
214988
224502
207761
9128
13001
128188
15500
81616
122496
9188
9268
10689
5833
127500
11511
222493
6200
13651
22914
8840
149043
1362
248859
201389
269526
168840
2529
15370
15118
62824
5847
8244
140935
5752
321668
8909
85264
13954
11819
124447
6002
277229
310250
185024
7007
202450
10676
17329
103758
288447
182113
5122
5006
2578
18243
154053
4787
316788
61173
41300
1889
249781
113167
2826
2002
6112
17281
230195
288490
4180
241525
247209
7539
103028
12898
8156
49422
238598
41180
5422
14800
5688
18283
12595
15203
148609
288415
124251
7522
874
13505
8957
228449
174302
6757
311206
185002
4788
9037
188556
17125
4326
186414
307225
8164
71269
147401
308664
241262
16890
158921
1821
154883
2273
12475
8454
160181
15843
5407
236540
212570
83934
7413
2046
298412
16423
3551
2830
279286
191000
61763
219116
17307
92751
10539
7669
13488
15187
281765
65023
104628
104679
1901
13021
130270
165033
211
76283
3939
728
16789
151066
13044
280015
11832
316786
191516
18008
100819
7105
9121
2044
16953
10017
2791
10414
248722
9127
8874
13271
150202
7780
16167
84312
103594
1865
5297
142638
10018
256743
9638
16943
3691
186437
5496
238919
13393
7257
6173
23943
9192
17745
5229
108544
140242
4527
6187
17425
10738
13982
15330
226565
280598
3323
168639
100612
14175
11021
145195
158336
297056
118047
260762
8929
239933
222720
163110
283191
5412
7903
12446
83463
17533
16356
3830
2857
12382
286136
10088
285563
313460
11683
276532
1706
229364
7636
211479
4661
224314
75054
7623
123199
11764
220892
257693
2585
7518
15935
1421
92089
7685
17929
43542
164290
14235
139428
16417
178445
315018
140251
18335
2522
740
14449
11243
285068
10795
6840
92691
19691
6617
18603
165620
140045
310335
4983
144305
185297
12579
1795
173257
297043
7556
127962
345
13663
210604
3586
1810
8969
310411
135200
5972
90963
5359
85957
199074
41905
97295
24202
74810
175163
210033
3314
4776
246482
62140
14229
1748
8745
1133
263461
12913
165145
11467
7583
10934
54130
77479
5018
10180
260931
189811
321847
17547
14032
329012
1016
82779
12645
298218
285515
5395
13795
10011
208237
6793
300193
6664
139544
313
15493
40972
204898
162481
184033
222220
36673
274657
66572
51750
5896
280098
6403
2592
154557
11234
92644
1035
215289
6715
54381
104102
12054
4448
151
18277
294349
10962
272093
6327
9411
79600
1734
155072
221424
8
207971
15322
308948
34065
226595
7181
158383
15782
175443
300944
80831
10958
288327
16000
6179
96554
15174
259789
7543
112908
3451
313111
92742
11826
100704
275428
167249
9277
257676
17568
11885
171504
15575
18421
51882
235306
91149
188470
12331
7679
199839
5756
10025
64793
276685
291116
13538
263440
308943
168906
7185
329306
214275
16371
6305
66414
135375
145174
5481
6680
289810
2452
192917
11553
7698
382
69057
9819
137592
3776
8325
83462
52254
312050
15086
222506
135508
41179
39165
243195
5801
154670
238116
16950
186228
308638
14677
2407
10884
25493
157488
62640
62712
58871
215709
202733
6369
294065
9234
4497
225307
12238
11269
4482
11958
8052
84974
248861
86535
205427
68988
543
7694
84850
132047
149789
3734
12903
303117
3716
870
184132
13944
227979
4152
6720
5767
227398
275061
13658
166788
150745
130610
144284
14721
17031
22165
6115
733
15323
14364
5906
15319
9942
210515
290320
1754
5041
17548
11696
12753
7011
184961
308907
7811
280868
281565
51917
4582
91688
79655
216355
7390
11154
13135
162411
97678
9441
86997
18231
9814
277653
315089
322459
144474
4480
228653
16178
14739
207944
1037
294779
12481
90375
32286
5013
205644
61596
165231
108308
264055
126669
15925
68053
1311
8042
10751
144475
18157
138147
18517
40
69422
14210
1275
9908
296940
7968
12420
305756
9975
21855
246863
144745
4541
278653
3140
7558
304734
152447
10119
2722
294956
207809
14170
252611
8068
142726
123180
107791
84376
1105
7879
315730
10952
310747
94447
99655
4780
315740
89361
1853
4201
151595
8330
4360
8355
17173
6244
138
12918
15753
12448
158846
131715
293838
61308
271285
188
2627
299977
14272
2633
164903
2025
208853
256661
6633
6495
282893
84353
243524
243681
33538
11960
4483
220281
14961
13970
246011
1711
11585
9367
154198
2307
27709
262875
160760
122604
94670
93222
99140
297060
13345
90757
8841
14806
17726
82832
15848
276029
3985
9078
4173
280802
11437
81685
14221
4096
8051
18253
145528
283109
10488
11792
13342
75647
110518
2313
7059
2174
55244
109787
6526
13527
183
64618
190668
14972
184622
12721
255343
17072
280801
243637
12058
73682
6882
4203
24474
9583
210527
14667
10469
97673
199640
190117
180475
10
4714
9873
15594
18006
15412
278467
308813
288155
247037
329501
6886
282972
46038
2083
4465
305309
7765
66012
286923
272519
12048
248445
4074
9046
290493
13819
9784
4718
114426
28793
202560
13875
9058
6912
313628
198642
2903
258334
14582
6312
2133
8949
18540
186403
285917
2319
80390
6642
17486
246198
7157
218878
185066
236851
12956
226602
7335
97252
298164
68562
11184
7472
229024
13678
131336
41069
13549
2038
5219
33432
247554
199829
14804
2096
16416
211554
14100
12389
232836
61
11758
215817
8801
4818
13316
5525
10495
5692
15847
16307
14397
4264
1880
4189
4755
6568
237190
2064
32323
295524
2534
8391
18673
104595
154426
15127
4927
7735
15671
186204
18796
8977
276264
5935
5335
2279
9829
50247
4024
8910
97002
5848
9388
9357
11838
256542
2101
25147
217327
3017
79692
298490
288123
17215
17429
41407
10455
124416
3800
94465
178467
17317
122511
33440
51602
306861
240402
8500
278604
3661
86897
287369
222858
175234
4709
12550
313462
10593
1937
5361
286909
305268
206338
9716
29406
84166
2525
7471
224
14113
259491
15424
282588
148756
43835
4934
115806
5458
17410
5815
3318
15979
98478
313239
10713
97219
233521
288132
12891
151549
8797
258094
71800
9507
18282
160174
14596
55624
6794
2884
207
54893
202447
192947
204814
8914
999
340
6332
279708
139934
704
186742
89847
12256
192138
170019
6493
17128
18546
43285
9572
11493
277
909
280705
112868
13751
1145
6516
47280
11570
4795
2090
288816
240076
17736
11720
6317
12190
258261
199034
64644
69862
142804
9579
11778
297580
7239
131826
22007
1762
5423
3804
72468
213657
18352
11471
8585
148487
13264
222674
265834
2300
1075
234801
5616
8508
131182
214476
11247
4726
5142
258537
238173
60721
263454
255387
229129
8130
276393
5675
287993
3109
2034
3571
135242
54498
18427
313119
3988
11992
205710
274301
191485
260830
17561
123963
13034
243147
114614
15746
47995
118974
16814
308859
16348
4599
285544
306024
154659
9032
15845
112887
281733
5429
312975
151578
290382
118191
99623
4325
314045
6279
11399
130107
106071
1337
263328
7008
5886
92662
16954
1272
12504
17288
251245
12406
32804
16027
54458
1329
16778
13110
9342
16858
6135
851
145524
10314
202864
15078
17408
90047
290356
17079
311617
288082
263480
13319
127683
21964
205711
203
51856
166688
7486
263479
227202
158480
254810
8315
2276
2742
5378
88153
4581
288320
290765
369
41288
117381
17581
145203
12679
3598
13548
17705
243088
128932
173872
92462
308716
12438
321592
36494
14706
128578
9091
9827
102969
314671
66119
4511
68546
6308
1613
3920
783
2941
115710
303849
130983
143373
12843
82639
14107
283331
11279
13977
33561
7146
61216
87240
219839
8520
11490
2802
73957
646
201772
282573
137071
5501
7652
160061
12440
7233
10619
4168
136912
15913
154564
9088
321160
1876
11043
17141
98473
4874
241204
100547
11566
180794
263360
93872
5262
12383
243850
295547
85403
196001
243741
314562
5995
1113
14219
187516
306804
285843
79146
251768
2310
13105
313362
3046
582
148480
15193
144567
14318
8550
160138
62301
9400
272019
235271
94041
3104
20068
14165
203716
308729
17224
101338
3055
265881
13137
137632
6076
9948
6277
18058
14314
15756
288966
33698
3790
8358
114094
8135
17016
17880
11032
18255
310396
66319
14446
383
17002
198968
14960
170580
157431
2391
18690
13680
288553
7026
254180
11686
298295
251021
252444
66644
11289
310296
36972
4618
118319
9276
1859
114730
13457
74729
47149
5072
232942
17122
15799
308341
7099
242697
7783
72440
187126
13745
258547
264229
13756
64621
12622
13714
5140
11546
261334
9547
307421
99342
267981
16529
1343
2828
9885
5934
190865
150451
236243
187178
110214
148299
8161
17344
17539
15237
13164
16455
239711
269992
14557
8381
8643
8458
8645
4823
7956
15531
203083
260829
6457
17009
288207
11610
91292
7521
10193
12132
4439
49
146361
627
6390
17404
6609
162
23785
184843
44488
288977
90370
244880
131671
41247
315928
262092
144393
110755
194460
264616
32297
176306
75602
87778
285762
158035
12557
283708
18266
110684
73502
279832
8976
18413
326120
9745
12541
11714
11711
17262
267350
17719
56403
875
51347
18351
144149
8632
122710
16120
280719
12422
2695
84902
7745
148051
6845
69800
260886
263464
8551
17540
15784
10223
7415
18471
16885
192097
5196
4512
5653
13321
16258
57114
11677
210533
59152
2172
2978
2171
70306
18000
14593
150619
4293
15972
3751
6218
38420
486
246921
17343
6020
241570
285791
16349
1186
1118
207252
87893
4083
92
1651
6604
17954
65916
201745
3037
6158
278287
216676
307254
10769
9423
237171
6282
147813
17762
14211
7024
10159
7308
5989
293799
150431
298738
226658
7647
44687
3545
98884
121741
308897
183568
3673
125051
8076
5131
8433
3448
5277
105278
6834
254434
259702
164639
293060
183537
90276
241406
77052
199324
13261
10142
4820
14945
114990
1107
103655
17506
101887
7953
184954
139803
143978
3857
2032
304171
256083
6564
172842
130250
268979
122249
3580
234428
93317
11340
3801
9581
3111
7756
4441
4205
3546
191452
237270
75634
6337
5146
229701
16882
212251
89470
271962
295136
17219
1860
212995
3987
11255
203703
14268
7906
104412
10806
298071
258478
6026
172974
308843
3402
2364
9884
103804
13346
10503
6491
5955
285767
247387
7857
7978
247537
13607
307942
2412
7592
170359
245469
315752
165985
18921
6318
2541
159952
9035
8991
12616
188547
18327
6473
118196
11397
6018
7746
84203
257879
209679
125574
2381
126009
143021
288222
256780
170615
15480
11212
14805
311980
59114
162950
171373
18197
4649
6507
2559
219578
6995
310238
3468
133136
297034
5345
4789
313014
281261
315127
263425
321180
246368
92941
9189
137371
95973
89483
83676
22906
10504
12213
1998
3910
3390
9613
335
15573
247256
167575
1426
181306
13234
14957
13834
172677
256304
4713
10908
75739
17349
8908
17494
16990
14024
247173
265921
5783
219517
4451
10019
123363
118051
275161
16353
10012
15660
235412
313625
292001
3347
233866
174274
5014
70940
15663
206759
1359
10406
219528
98831
34455
250438
14801
8948
9146
3833
454
206897
211353
4870
240116
7440
3114
300613
7194
205701
6916
16843
103971
278286
256738
12842
16324
11793
104436
14149
7406
157869
3934
131905
150201
185693
228477
129011
12083
10199
11589
111583
198078
252855
18544
359
293355
248631
9175
38805
196705
16515
3519
9363
15470
9769
8944
76730
16351
765
198898
55819
331
9782
13343
12318
11465
10971
8409
17159
13427
314900
285293
97202
41278
43628
3344
101439
303783
122257
2366
309059
293120
736
214609
264102
102841
8046
226929
16878
12555
15389
7306
5447
2979
3574
117037
186639
291316
13837
288316
42696
217283
80117
18832
52275
229619
305732
141433
15590
47260
7245
18724
14006
232
64812
2823
139918
222874
132891
22430
6429
17398
4056
40831
198653
92678
12463
79908
18005
287248
196693
275898
314011
21962
236265
14652
1120
150783
111740
12612
14345
36967
17600
36212
7674
296524
4666
99564
67080
18363
8078
142724
58815
7334
87912
67730
73967
172540
18036
1914
6155
95
123228
101329
4344
5388
613
11629
9659
64800
41482
14299
123335
14929
150196
11156
207728
10472
12273
143364
240211
8925
3407
6172
8039
5362
150718
11828
312919
208368
234435
161305
183695
43049
11962
17101
212340
180746
10179
8401
192580
10868
11388
239960
173955
107086
9626
5079
12386
236393
4554
15347
4759
151806
3112
18856
304806
6751
195116
265859
13748
9197
115041
218397
17242
276823
78389
100182
4557
9205
202729
53983
112736
137182
311771
15104
12370
209
14451
1183
8134
4753
5785
15507
11375
53000
14885
4266
157940
236278
155415
339
668
11122
197887
172841
233457
5486
312203
137267
12884
171210
12938
227355
13070
139456
5882
57320
5977
140576
15146
160173
3039
6263
13014
13023
15899
6363
15901
25532
15733
7859
180312
32760
2509
9861
2610
10655
1668
114740
162441
77883
18029
40730
236816
278475
17489
302229
2931
9891
1874
12450
6716
15923
4562
162825
41263
9834
179460
16906
84202
275655
9540
133784
269600
1836
151049
312352
764
15155
5164
8870
5901
66606
287933
6007
17748
14456
167704
1749
20093
1792
162151
1615
5275
7508
234422
10894
15120
53303
13120
156305
138791
17342
18826
9803
83029
1945
118973
22443
258647
283674
7630
292582
313394
4688
128243
164236
297177
256344
2292
11858
80057
99535
211397
4647
4243
268478
3607
14770
48878
10389
4597
8719
3538
12920
314887
8716
209444
9743
34361
268070
315852
4154
201639
12308
2440
55832
17463
179793
10355
102929
287037
3486
7369
887
92045
47376
3831
26793
321849
44715
308731
265763
9353
148976
11361
184102
291144
10785
1456
133127
246556
1991
272041
14792
15346
12838
117366
236583
9780
190893
7718
315184
99798
553
1584
269303
7417
1149
16503
3967
17300
286619
843
107219
17263
128091
8931
51790
234674
16448
81228
116328
257898
64456
1756
9195
302
5337
14025
314450
9816
205694
5713
12114
122282
251540
68767
2303
292012
212
9936
283669
21148
7151
61883
318628
2535
2693
14581
9616
281612
89858
291639
912
253316
83886
13581
177005
304297
160278
8572
4806
7065
5204
13283
144013
16306
207997
85408
12566
72532
173876
4926
52364
17091
16393
189860
4373
15135
2290
3110
286423
84863
6603
81312
225854
9748
165572
12243
11203
243113
115969
16496
288021
2921
14505
12253
148388
127472
15622
305759
266348
1709
6741
81
79798
12735
286036
9107
15673
139916
2905
61201
5439
158454
3869
17025
107112
13937
109876
256376
1182
5717
31431
312944
8665
49429
89230
51578
10252
5807
4679
156245
318580
2955
45197
197521
8818
100116
4606
306912
89817
3917
8522
15022
18073
33568
12867
13161
4844
12897
13472
348
78644
278452
96549
277238
128792
10232
10227
5341
49371
199860
12750
9558
65517
8277
14539
313055
105957
282947
4105
260853
251532
150989
48265
328
15912
256091
260823
111520
48787
13224
312200
74890
241493
255364
6286
308969
140004
270840
15954
16158
1313
297332
311905
285132
24225
8506
8384
115101
1074
2751
17801
103786
143595
214914
16301
122811
22106
10408
5624
3007
14148
144349
18068
6560
263059
17191
220885
4378
2314
69966
15817
16650
11165
7407
5558
6030
143618
3343
109905
12092
251227
269214
8365
127690
244561
6667
288264
12688
133101
13850
84861
7502
145988
12396
10641
64503
8653
298413
181078
9030
17715
292970
4569
7056
228419
99829
150267
100551
15683
502
5483
5221
224617
14121
310603
269061
46000
123706
1195
14778
191738
147568
9471
161004
239317
6588
15999
246515
302502
204836
13840
8516
280523
51784
45988
3593
276590
5024
221429
9712
311805
9408
234812
1747
131664
105560
296298
11030
9577
16330
15456
49228
11492
126993
160214
13898
17516
10221
13308
46136
274313
287358
321905
9194
112024
17738
43594
52431
122333
17958
294104
16076
135811
9845
288395
13784
228914
2935
53230
135485
268475
171311
291597
4377
133839
10520
11540
9809
234397
107036
137746
211516
7651
173904
3301
180693
9014
10739
8501
18274
296879
5092
138352
18002
291071
212134
10521
217120
7587
5205
15687
16359
61776
4623
253128
11741
13315
6341
1187
3653
15831
218101
147588
240901
15321
186276
288349
226062
14267
12119
277364
15986
18887
97168
146848
15489
236214
94467
6641
10480
8513
18628
297998
310293
10906
11965
143027
286114
137398
194577
165068
14140
8411
687
1604
5641
7107
48138
54500
15454
16253
18831
308888
205585
319688
295986
14145
233917
130116
13976
9478
219510
11196
9737
199318
201551
32839
16907
69731
129715
72477
62355
283106
12152
2039
115138
89859
215144
140203
16255
57215
14907
138825
9067
127165
1644
14177
1623
5603
11575
8882
308889
16129
216893
107770
81845
92806
259061
14606
9225
98922
10665
162378
98522
11849
752
190303
219812
5021
15076
3812
110208
775
13746
238233
15928
149440
155222
215830
282665
245000
11387
11193
13614
189004
236358
4613
92295
2059
219086
47262
1463
21265
9029
239223
188599
177193
52849
144501
308056
1344
14415
285729
4816
131633
79612
5261
219745
96678
11037
4837
4775
66570
8062
292270
18937
16074
238038
44565
17706
4292
260901
7731
5598
14865
7877
165082
119242
158177
17584
80353
150771
59120
112849
8519
17097
149091
12609
9232
11844
8247
158534
154567
6531
167627
325186
13878
5941
161396
885
136959
4956
3305
154874
6492
10792
14067
118574
3421
6702
288197
145975
285117
3550
17741
14813
84884
15723
698
173265
3918
11151
71235
8779
15402
11544
13392
3132
269058
299184
88338
90353
312021
1636
63553
238893
6024
3086
97309
17874
160769
16394
89651
4350
218294
18158
13298
6082
8903
108379
15548
8896
80295
297768
17709
1310
7329
7919
12321
14722
11299
10910
98769
132040
262755
92516
1869
303784
86240
77887
118065
15948
18452
1987
235206
14537
279626
43257
287361
307873
161457
3803
84377
1925
103137
223778
111681
49778
157602
248702
10685
162465
9401
12228
76256
183653
13692
18132
226586
8722
7542
160651
3447
286821
6176
233704
14916
71166
139988
15243
2959
49140
10774
151812
64810
155555
286147
227232
21905
115951
14848
174336
68933
329025
14343
172314
5933
139872
17260
217151
17186
35845
33045
108321
11810
30697
160484
17140
151766
13595
263364
246618
186691
300
264
115883
200071
2403
173248
10991
72491
6983
65016
243648
84370
4351
255158
290459
25152
10794
3582
15082
4099
73541
66645
226928
135916
1011
18938
9414
8633
48619
4924
186648
278
41731
310672
37111
16471
187330
252751
1731
163223
15569
782
18929
337
13900
21790
9329
258835
2040
1843
11466
216335
61078
15773
82633
8775
157943
71647
7632
12175
11867
106724
116880
234989
8965
10143
3057
2611
135677
5594
41237
1425
308892
12118
5152
9773
314875
3193
241200
162225
18261
18213
10862
5566
315158
69165
116007
272030
7863
81449
224528
5119
12344
209430
18217
182088
219900
138138
78397
12623
47251
40744
147893
39162
7729
115404
16905
13891
246256
15934
8960
151778
7868
154258
128022
164990
305352
252388
1579
127000
33594
5259
7774
15415
90266
4070
256612
156823
74002
30464
17167
1019
18057
17893
229400
15084
12619
12461
15369
16484
8869
21947
90721
166577
12231
259946
15395
129526
16240
47380
56084
1811
12961
268011
282881
13101
3102
227344
139620
267411
308555
9290
264624
91141
292741
14969
315162
307697
259619
79149
12193
235852
86940
57244
83322
11543
312176
9658
273232
298354
10830
9860
14334
9333
247673
85962
150672
139557
7010
14527
13247
83774
310445
36737
10843
14240
70597
77804
59048
4810
154660
252647
295663
158981
274338
244621
167757
123385
12064
17355
1619
291881
3479
81118
2896
7631
1920
69960
221166
144580
103964
179125
13735
16934
258236
90718
66095
129456
309315
263354
106174
330133
52617
12726
1432
4979
113682
263388
186720
3413
15850
2960
181229
287621
4132
272767
262555
146026
167198
275973
84839
36309
143346
110697
5850
197771
17882
175
288370
18254
10982
21864
898
12825
3922
11514
33693
13414
140235
5894
111828
107226
6181
59025
98674
16893
11607
305327
254495
14657
15804
16935
89475
82859
306877
247321
14624
311933
6589
77639
17507
6248
202577
17535
7966
2030
12537
196853
11179
213017
36268
195162
760
11922
180255
11028
187283
16831
8407
264402
99635
303234
6813
3942
230359
5155
13573
6382
17577
11841
13844
6085
263590
679
6518
155310
11776
107105
264650
13136
161653
274157
95153
16922
17496
202851
14701
7633
4166
309120
14306
2074
2831
8271
16454
256917
738
288998
210703
18276
303853
282935
188419
15451
9115
40788
2739
263445
987
10963
230058
2927
23113
262593
183562
128211
11997
272040
191858
15699
11491
112852
18475
195544
9005
2686
6843
300939
91766
39180
3120
178305
68850
248884
2734
227732
455
17580
274314
18428
292554
80606
5186
73191
82878
288318
17563
51232
311213
9576
392
229370
4202
7552
2770
75621
142204
2183
77056
62682
14653
133137
15887
8756
17420
11335
11026
216701
6362
271051
90278
17369
9907
51758
13300
230498
6139
93323
46200
7964
222932
6014
233163
8815
16314
202449
10242
216810
145950
161761
6993
261773
15353
1582
9580
48563
1605
142929
14443
87175
292586
66321
1052
2143
8753
5141
72483
6917
305324
7512
127020
11990
3905
10810
11648
12262
174908
2951
16822
268353
311846
310426
107843
8276
1211
18635
240067
48082
11955
146372
175392
4245
56590
1627
273258
7523
15681
166872
14160
1028
9753
6660
15846
65990
6790
5660
11022
240328
11693
184598
16180
74932
16819
40955
11351
41725
131969
185146
132282
288092
8503
92736
15822
160067
103544
281606
3137
283065
18734
13605
533
98794
207651
6569
10554
233548
16066
137157
10390
183552
5945
108812
6796
192061
303073
23240
2304
81547
39988
2836
188723
312193
60878
8272
140154
10809
213568
12516
13774
7776
79621
7391
92895
288438
10505
215706
17712
12910
1138
7619
8532
34725
4085
5300
12728
9718
2539
12919
7867
3887
7639
107904
288003
94838
62795
115432
17820
9550
238074
142476
227769
143073
15165
165662
84926
311200
243218
313392
12796
263375
159650
11767
316950
9347
1742
15916
13588
103602
40747
304697
199271
324427
5011
13636
53186
202830
319613
2579
15204
278414
4498
75629
16403
119028
10656
147610
18827
68645
5150
10611
2484
13127
174233
242633
314230
240766
11678
182044
98567
1691
18120
12113
4863
46205
12614
9093
252884
13993
3660
259735
1098
133868
98803
160217
11989
2178
87777
4896
1464
31972
23262
3118
18425
130088
18406
12506
243235
4519
5263
6799
15055
17243
63277
1114
7098
289005
11754
6237
259366
72469
136811
2956
108033
268058
46141
8734
313944
288091
75594
4155
2790
5177
15524
8090
145954
4768
158343
27710
137690
111843
236368
181668
207956
6580
321880
60266
154675
14572
84911
14194
15613
137165
4196
308328
68792
16084
18514
6611
5212
17565
13716
8559
198790
17498
10915
3440
18515
103774
13039
133539
82128
8176
49929
290381
294654
252714
7159
22943
3728
4940
330293
16372
6320
305951
320984
246564
10945
4021
248915
123226
268198
15576
9865
306849
206791
228011
312056
118941
6593
310443
14950
239443
16102
266510
1199
2736
254861
2004
13971
13629
2549
10037
80886
234171
226208
246826
294478
14833
8422
12281
12297
40822
160178
5206
7497
14362
17020
15004
139307
137966
7976
101
55221
287975
144510
154665
2795
4206
274213
83797
1043
21363
115959
8308
68594
1429
3307
215711
70080
5238
308384
118637
17178
116416
201917
14905
33095
319
9736
8767
11755
184307
2856
305342
266702
81626
88833
172621
4386
135413
99610
248009
160190
2925
3437
17458
32118
13162
13155
15172
294312
293218
54466
68303
302149
9651
33722
25304
9139
82923
15634
219835
122446
206834
78894
12347
307163
3879
15721
14609
6570
4077
9167
303919
128815
259802
1929
56205
9752
176262
26736
239530
1084
24679
8735
48069
67
68114
15292
87205
13544
9004
196782
15927
8197
8137
11541
9247
307688
273155
63382
75061
18866
10846
1625
286417
286145
9882
11385
15392
7420
5976
179032
17993
8044
17156
14358
3578
2988
100118
11059
11453
288040
213598
96654
14798
3369
18405
100549
249127
160773
236394
9006
67941
62870
297147
14017
44561
5468
154265
283253
9497
258559
10673
6125
3908
13996
44089
4112
66855
15388
7590
196938
3190
150864
14971
308
269007
41239
273293
6131
211568
102794
15028
328815
11155
258940
17589
140207
9101
13020
16390
5403
8638
31598
128926
256918
17543
226290
11272
62135
171120
93457
5191
397
33813
2714
138245
12836
226122
283024
154303
118014
311194
316186
2386
235176
91280
4054
288279
211313
15060
6370
4229
100828
243983
16802
238756
238055
14898
11394
249512
7397
11768
13858
8895
180140
228674
310437
185454
29393
42457
147417
14442
321555
199848
58902
315748
315148
7810
172017
4682
15788
8075
4242
7223
167578
11959
291149
41261
64243
69964
7285
90536
3938
5054
145739
283520
16468
288409
210112
191145
14528
1683
11246
18926
14779
5323
71272
250874
8328
14359
4416
250835
303387
5714
8236
266509
10405
18643
76254
15703
10507
10762
184582
17045
301974
839
180519
9430
251764
16834
303384
16031
5949
12916
4161
167938
3341
10801
9729
6371
82729
17359
215540
159691
269520
6483
13104
156261
18733
101815
4993
119091
70801
4686
14635
106974
104672
17354
279234
11780
18925
7378
236130
15868
105435
185080
11739
12200
256713
44651
135217
10692
151896
160136
200805
1574
282105
10867
10749
83650
7429
7538
1433
283522
50321
237510
9798
164288
12600
128623
244739
69049
5307
99509
8067
77648
92797
169953
16440
5828
11945
144146
11038
10926
315097
282577
14726
217561
50253
129196
280766
203262
894
278469
139932
1097
12073
287609
154
10467
82954
268043
8557
268306
156950
2719
170008
73962
228801
197783
263413
11876
48596
18060
15720
234670
84334
5347
14125
1913
216359
177924
275577
4873
235110
177438
8264
16429
174109
77890
89761
288384
2679
98265
151661
5350
289784
49251
276276
247184
89362
263337
4008
24939
18409
161996
13016
247051
313177
82646
54599
15102
132270
244266
1197
91493
288300
1611
1260
18896
288313
12630
12809
140213
1048
12940
15691
9383
7957
886
4585
10839
36693
4643
211806
11326
177801
259799
741
148097
291388
179042
15939
18342
12818
305605
271383
18297
250245
2037
16918
5851
257966
11800
247021
16001
132007
16967
8652
11688
9445
17033
38427
18710
3915
5693
13482
39692
398
7509
14479
142738
8070
85365
12459
1908
7045
197831
177928
11670
10791
136721
45454
9346
146643
291994
313130
14610
89243
13635
13855
15419
8249
5253
77841
10311
83866
8101
12005
55525
234667
13860
239897
12578
15314
16024
2923
4852
4393
117936
175721
94044
305717
288083
14768
227868
13715
85594
7084
9393
69732
1630
15223
256906
12049
280887
10973
320995
207975
174249
224948
148386
256890
896
16346
9862
247182
230425
100753
5163
6009
10591
114639
15903
3028
223805
171676
118518
16552
16388
96591
268295
154690
141453
4650
163048
205718
15147
222765
34134
219878
5036
16915
278513
2833
3047
1702
205502
13889
4079
247115
13561
9099
13326
16069
125587
278470
7690
9909
91654
14303
321812
3590
16903
122367
307957
247439
10377
7917
271990
236364
2524
47307
10960
46113
2889
92412
65501
46104
7312
404
69866
14174
8159
256815
17972
14660
6376
5094
18718
3108
14035
6441
66584
1992
82854
69873
248451
33310
304427
122721
10306
312324
2206
15906
61218
225012
12607
116698
15952
11182
17549
269881
247807
9102
4748
1989
24655
4538
307811
6876
243743
6243
13395
154927
402
5443
202841
22319
3041
11813
5424
17840
310349
288445
13377
17148
260808
294807
84064
15227
17295
214921
73001
16059
146905
138720
2135
229651
161326
7384
86122
279330
6618
18476
211989
13219
18931
2102
9468
312950
15625
4230
200782
14654
293007
49165
235371
131828
13251
254853
82811
10947
222533
3310
133293
246736
244607
84463
9871
170852
8823
17049
15393
56266
248736
296802
247683
13276
1732
9945
7352
15931
12035
15399
7
13352
3142
219902
254171
255360
147584
1423
43280
144036
16501
9447
14193
254811
527
12208
36318
515
151884
10403
6742
85239
17990
240201
141307
187263
33534
11152
14181
94851
10483
83944
7798
13331
108916
12618
6056
11222
13846
150675
206889
9229
4263
2608
788
5304
62881
227186
17024
296973
14407
171622
218614
4543
119325
7695
168999
11695
1347
8148
5248
246034
1898
27079
11181
14163
40778
284586
3351
308736
179076
191638
66485
17734
15812
595
11251
144738
6216
15902
161193
1161
21211
119336
16880
116861
9833
8990
929
157889
15630
123
4937
92776
5489
98312
65994
140218
13919
2382
1857
93190
66517
264645
9100
164659
151024
207079
5764
246763
310339
13752
96972
6475
9818
179452
146098
307252
3471
11988
168491
13329
218261
11321
69954
18134
18936
3955
324417
287991
14354
124357
66591
3024
306867
86235
12242
13633
139331
262529
154808
79556
10020
312057
250064
7598
15808
857
324324
18705
7791
237294
70580
8799
15656
11549
17267
6906
13266
32325
5096
17873
3547
91583
14234
8079
14697
1917
287995
8266
1251
77873
98318
307391
1617
87951
6760
256739
5352
151540
367
16706
15929
9887
258757
150433
14982
45790
94024
99990
15740
18264
275931
230404
15764
262564
90548
908
16666
4619
12466
329244
183497
160289
292593
1906
230501
216960
263303
9087
12974
297026
85429
151828
128143
5051
131686
202372
8309
143989
178421
311903
5998
164737
16016
84938
57668
228335
5491
281160
1025
290018
3755
12433
31441
9516
9711
277584
68585
283834
2428
99790
11296
48756
297333
17149
18206
11628
311231
10399
1442
13743
5396
1050
178285
314558
8420
81672
165439
7920
13351
11676
6046
160758
10944
251608
13312
41378
199006
7221
65057
3791
308383
12261
330161
3639
8732
73954
15329
96720
3696
62208
259579
177539
11241
41469
12399
14994
2871
12275
16081
256477
17177
10082
172796
3532
311014
9460
62145
171507
110273
122416
8927
236318
173844
264709
15832
5904
226636
2490
15623
1044
15966
312149
180364
261017
72997
4165
17749
73956
13221
274097
316180
7494
17881
60059
115923
13868
41224
63749
2630
17157
10902
11803
18678
10760
304471
7066
6889
200991
321023
4846
259295
304607
12171
15523
8736
160403
227129
9144
52350
51078
178544
14880
12479
39700
129018
162804
7581
12223
10259
8449
108224
12102
4716
16022
218282
71468
220355
18730
16339
192509
9054
5260
18216
230155
13575
1201
269689
10576
9446
6430
111665
297021
132191
14758
16269
288214
122556
18636
2930
88577
107660
254820
138307
9510
151870
238405
93888
14368
779
6829
31990
76
92643
10129
15505
190151
135937
313457
74011
8776
5944
285614
243685
2425
4549
3797
7430
106175
3375
14549
273347
256615
13656
301579
9013
147602
49468
92263
11051
183998
289393
12934
4579
7854
16057
17742
256742
7006
329308
4796
5303
8374
2716
218158
320537
163976
135165
128246
100302
247025
117334
107530
216978
625
3194
25543
262278
114932
4097
2634
17462
206647
14355
143407
178139
191509
288110
275059
118940
6171
14169
291864
14811
268354
18534
147606
244524
12831
3141
9617
137104
53843
208822
222549
234442
9039
8993
282737
6581
12249
6914
78522
10141
13474
236261
157190
252417
61295
131144
4629
17151
2872
86354
7263
257846
108668
15984
275567
10628
207782
8353
252664
139879
17760
289058
263774
15647
14672
12719
158358
126332
303551
112468
15849
87957
160284
8406
15638
9714
79808
107773
5571
40957
9911
74048
119110
77893
69762
32076
118890
85246
1658
254064
256086
229021
80061
11601
43142
128255
593
198621
4215
11539
263502
35715
279638
1724
10942
321804
217324
238432
8832
14678
308725
315703
111543
4702
46017
234569
18239
151359
89283
90094
1155
87914
18349
17442
268869
18542
160259
229634
171531
246548
143201
79664
5010
14790
114604
3646
8795
79622
224535
23306
13376
96075
307160
172780
292680
203063
12711
162989
151556
55480
10815
4608
301634
6870
298503
3986
17330
9185
16898
77034
145997
9517
145727
73977
311792
2617
188075
3715
5821
72347
280949
278522
12272
16477
16513
14350
252812
219054
1389
191642
16112
14717
155244
183982
114926
11322
223286
16068
143017
85856
13366
22878
263747
5015
287372
16008
83853
16438
187
4221
41320
15254
292690
7224
8085
277581
108990
43196
277299
7506
3999
3989
295156
299741
7514
43908
13653
67960
283144
195868
9847
68655
884
28246
108139
297392
88728
14241
336
15249
130967
14566
160227
11797
40991
8731
220874
5428
11270
14984
15882
5184
164914
94369
6705
3562
8959
268468
11806
7635
60477
7379
4785
8923
97316
122653
10310
14891
4760
295475
9331
17586
17185
17415
187017
204791
196721
1166
180710
6454
82937
17440
276984
10415
10872
79629
47248
306755
160763
255287
330073
185987
2793
283005
17517
143968
104926
6644
288166
4341
320494
234558
9168
8589
39387
7437
9899
69895
11761
6525
12741
10829
72241
51677
14773
17550
12003
137776
265627
234163
132205
21952
12568
228135
17564
24182
199015
8131
384
28222
13466
7377
283049
81215
315969
7280
12282
6385
189897
12423
209913
13608
325
258592
8802
279869
9744
16235
5612
4722
12783
150427
14504
1578
1639
15175
3035
11189
154666
11950
10263
257283
17184
6824
86644
279668
8531
11286
52865
80026
3481
14300
242718
15918
268115
325019
15109
8218
220
115906
297055
258020
62690
297292
80686
6687
139550
227072
10750
8647
15159
1109
280878
11837
131942
178545
83457
90055
8434
311895
233080
17130
17146
13883
25150
92606
8260
10798
164266
7328
18533
6850
164198
284599
15465
66126
158567
278996
108947
3589
18025
298757
11005
11512
17558
303831
136689
130448
146421
262563
105398
9973
2769
140763
330149
264418
15947
283692
247040
272385
4167
6053
12815
221416
138438
8591
154329
60598
289059
186279
173768
296294
7972
8617
55797
255281
5672
18263
1877
291414
13880
6517
2929
13895
301857
281083
76275
13783
61026
33683
36948
10186
23016
4751
18033
26746
4880
283076
195186
236370
191704
251340
66
267034
314361
11818
307953
8413
17729
84375
15833
142173
160507
1806
213489
5931
93813
16170
17780
8729
170702
60252
39167
15448
31627
12597
1156
17499
15258
67945
314313
14030
14812
15586
5499
17319
118123
178537
13095
4495
281131
16047
7246
42685
1566
103506
11316
4754
269070
41455
76794
5281
2758
8349
16948
7235
17482
52438
48030
22123
2302
837
10904
206924
6092
10454
147145
4436
14511
14386
269434
288297
16364
263809
2840
14995
5183
91442
315
3345
11723
16278
175171
51745
200975
13123
239725
18462
99816
11282
11056
683
191694
98458
73997
60740
186682
190370
7967
273822
236313
307268
4027
262265
10763
14936
15362
8581
302047
161454
172394
2874
300920
165808
8089
196821
77700
16910
8016
163333
12112
233690
104387
277295
3126
12834
18480
148634
17579
243232
189914
204517
297793
191973
8145
13277
16931
13705
35580
164754
191769
151619
12877
258828
12539
9836
14520
198641
2368
256900
7231
231
797
140227
11563
139976
82890
12874
251711
4908
225907
34126
10887
15032
286083
7388
8759
285542
122575
13036
183611
12264
199228
1364
256087
16897
211283
278407
13790
85277
62673
14987
91523
9584
3733
9018
206054
7009
16781
1936
13259
263798
236653
190858
295827
11049
2021
12
70807
4080
293825
188675
1675
7321
270565
282
261795
2805
12723
15919
114767
14669
118056
4362
13371
17241
6294
17605
13486
275294
2501
18053
275
314448
115088
8587
16889
6599
14742
15577
107258
7295
271288
15970
24713
115
240274
12467
2023
306581
162216
286350
14414
154781
191061
244587
12656
180811
197960
277612
6130
112247
14522
93360
11328
60146
201055
156808
105097
161675
12755
7096
321
54372
3482
6392
145751
14627
243187
247697
192757
97687
257689
14447
9095
8302
24908
230111
10999
166843
210512
202327
17777
40766
227065
85357
74925
2878
16025
13704
13968
310261
283495
7548
10256
151031
225
89457
9048
9569
158369
155160
84032
4382
57026
5334
123210
236914
105173
7551
284258
235081
36278
3596
229728
9206
247623
6253
157
11237
321661
103678
13668
87221
191968
4218
191997
276609
3595
131662
160281
174890
8112
16303
273975
304653
11446
263405
7290
48946
16182
16329
15646
3886
95335
140206
180983
300618
297395
9239
467
49700
302230
13518
3585
246729
138702
76696
50890
109493
8921
35511
112904
92469
23808
14868
160140
11966
10826
15973
15744
33678
781
6791
13338
298493
257884
95463
166159
90820
217195
2108
16168
10265
105379
1616
236220
75343
262395
14396
14621
5546
99533
13159
57284
143192
9797
139180
131640
4329
2887
133223
6896
10418
3787
6163
6755
10784
312175
54582
316787
12248
1254
128592
13974
7553
3117
247781
8905
3823
178055
9524
12084
12829
32920
248103
7666
86993
10312
5770
6151
89834
17113
80019
154704
272806
64600
9196
256686
18548
98568
290392
3459
288236
317792
42512
9850
10108
16184
4695
117285
5310
12606
230006
111586
11166
80709
7741
8845
7515
14980
10544
11283
281672
278285
17891
13948
150719
59097
227485
4712
276974
12699
13246
159130
49180
135123
17819
14108
18056
226058
14633
292044
4815
8644
4358
87219
244736
17357
248730
239412
12017
11451
268977
276044
239201
5845
305532
165109
4219
6443
11058
13975
22602
17452
3417
216522
137115
296950
12763
106587
73961
6304
853
4652
243778
8307
137697
1656
84014
103377
6182
226660
3650
11334
43528
165212
71789
5126
7624
258190
33504
1884
167607
63359
15640
64951
13659
195484
10541
236241
276086
61196
5465
406
16064
14559
125560
226243
4711
8396
14970
291718
243825
18122
5207
11535
74823
11773
89919
12474
6367
13721
10468
10268
101245
270964
11699
6011
10357
6297
12681
773
83680
228867
1204
233410
43810
18630
86965
1842
295503
186031
112930
10849
33041
39144
6415
149014
16869
140245
115441
12451
6844
4438
16450
16273
9149
260004
215493
285256
6068
181096
280484
17735
2502
10257
3389
2540
52748
17987
143163
15276
199850
4183
36287
195423
5075
11498
264267
10201
308737
18246
268101
2519
5462
113363
98282
14846
12055
3197
321106
3123
8429
131277
22449
72516
171657
2107
53299
175493
15213
1926
5037
84343
239264
9750
116013
101837
17183
123509
150863
1119
3365
313964
11504
11600
10919
46035
1112
16150
3543
23562
143739
49435
195145
17877
148745
137095
177880
35319
18454
8094
177815
186874
10659
61184
10195
199367
45078
9278
7880
14659
10882
14307
5888
138158
17953
195798
63914
8209
3561
3746
18451
282094
109753
3400
3458
235703
8928
40474
273331
2389
98441
10648
6646
164917
81127
11312
11047
246532
10587
6997
109
171740
271384
6264
12173
269
12211
144547
203482
184336
2132
13911
6287
15724
21410
9328
11174
84150
106657
234577
2516
13827
305263
218069
11098
89745
290195
310307
15136
56992
16002
283067
2014
275493
107763
286647
4442
15632
7434
219141
310252
92550
202373
13269
69961
211357
162716
5765
12489
12151
108082
256822
7424
160251
16478
286479
3336
14890
14191
197946
94
172856
6164
14909
9657
53781
311947
110680
3916
321576
185767
5659
22975
182019
49393
15862
13399
247162
150174
10238
251003
90534
97571
10096
9578
6862
4514
18359
222699
5772
115472
4670
79989
9512
160787
233770
127011
6528
6734
13514
75337
177443
129534
2870
144578
10615
10857
10136
4332
66343
16043
66553
15391
6111
10396
6340
190345
1135
150434
13311
900
18672
7133
105321
12232
98292
3475
8126
222939
114924
409
268168
137430
11850
16864
199893
9011
17732
4630
4400
14134
46140
145529
86135
12799
36012
17239
164660
1405
1841
314924
6729
170676
259882
13235
4199
10954
2897
200210
10171
842
302114
170570
135988
305938
156644
171517
100020
128843
180765
123942
229321
87211
243969
2532
280677
268470
15137
177691
304481
2069
13981
18271
14861
314870
56316
215967
12365
2106
136914
1409
283487
30385
10209
188940
10304
14937
6836
27684
145989
176585
17044
273342
160666
2838
16164
6291
14158
179641
2136
13129
7797
10086
10578
330284
140959
13854
57094
15546
15108
281026
5293
242743
48823
13650
143614
298117
6394
6573
14283
717
7781
79142
7050
15008
14249
15164
183462
15099
52693
185559
17716
75652
10441
219001
15039
127016
14322
211182
9045
313388
114155
131991
10228
310460
195823
2507
15819
243929
2772
286798
238729
258445
50406
9728
1345
67649
285458
108164
189955
15019
116379
220793
8788
10771
314667
285726
13623
8911
188517
247102
11728
1026
96561
8637
221
260139
253329
15787
191492
282756
219087
10047
178425
15759
108288
288179
15061
248425
13455
95109
191037
37100
276211
108370
5843
6446
17108
4990
8816
250057
283142
2518
112204
36978
5573
16262
149
313354
5050
180453
12483
255244
73496
16956
4209
3745
81960
15571
15820
259743
163959
290494
18045
211258
156327
244413
1396
13461
140131
297473
10845
14977
293114
302909
286360
7672
18722
5985
93296
3998
296936
15510
8329
16127
274270
1267
3151
4930
313375
256089
258188
5909
3708
2638
257975
11033
10807
2033
17474
113126
11647
3602
11550
8765
17545
98
72845
130090
158844
28886
15112
18602
278884
15953
13612
10514
178493
243802
7965
14963
294549
883
298644
1652
212538
310760
130231
185015
163930
8417
2647
32912
324048
4952
162820
7025
3032
197925
178491
202388
50531
1444
16664
13882
82851
3651
10258
7915
14475
325071
12326
18679
75066
3461
117365
8527
10315
11785
178143
16292
132064
280885
118151
236378
3125
15177
7014
114554
15896
62350
172511
98491
288809
299785
6143
57004
18210
151656
3880
258480
40866
312187
15578
18680
11759
236417
5986
10123
634
4811
320979
273346
6192
17126
8872
16900
14275
283098
185016
9200
199790
194592
12245
138574
43920
14005
92745
276588
4405
119272
63900
1882
160670
5178
997
18127
230294
88260
18054
3156
1207
7716
3334
10543
16412
9097
7809
68661
297352
226182
3393
8211
11221
101247
229608
2674
10305
3304
7088
15834
11024
11508
252536
14452
127184
87209
15014
308701
12902
68613
95107
299976
18319
314934
119012
23264
5784
3936
100305
17769
243635
18237
9242
81219
2692
177190
180918
11207
330119
9025
4425
301662
4095
163221
5662
10567
17379
213250
415
236294
29523
9306
64247
9820
10165
234429
8376
15161
226668
182461
14214
18207
326
203357
60640
294380
160547
235421
7682
3422
122270
8310
13589
172769
226
80063
36963
12505
263408
9474
288127
57504
66366
13965
22406
5268
128903
17571
10931
147564
10975
147424
147677
10647
3970
3686
79371
7196
108422
71275
4960
15806
2821
318537
219871
32901
16926
122369
3405
302986
9303
3556
100795
13990
182295
105989
50151
12605
22234
259720
15191
204792
15692
45992
109452
66118
144625
2937
5685
268461
90524
6315
44584
6904
48
1931
11775
15215
155330
192637
137138
224572
288075
15528
144749
311025
3666
8354
213417
17739
188656
688
40846
10853
2708
288088
1573
15725
8996
265816
4200
14870
220822
61322
3559
106356
3476
5210
17985
298
68001
170341
8782
162719
134619
318588
315108
12179
10573
75661
10437
743
11178
6582
4019
306570
40799
164216
65503
16414
7479
184314
1033
144424
15792
314373
7344
320489
3949
238081
29338
16138
14048
107
2003
9375
9279
5147
14081
202331
6653
14694
90337
9323
4374
9475
8010
2899
12762
122724
17217
308821
12904
137699
3877
7484
749
104542
172921
6515
505
81664
330126
10585
276642
14218
2360
11994
253427
1606
12133
14410
12696
90760
10246
80073
62
79158
247194
5554
282567
1694
12312
9409
40811
2286
137066
195944
175763
5667
208997
11928
319609
310472
17306
23258
10162
241834
252736
6740
310241
89452
9387
89269
160146
174348
135921
15471
4885
2537
8239
69571
11598
9905
222311
154689
5913
15960
1331
283143
14176
148420
15570
226047
163860
173796
61792
15307
202261
18153
10744
247620
159943
222728
7047
5576
186667
3940
5881
310385
57282
290881
7697
279565
170151
8430
52135
16155
18328
192
12130
11015
11330
225182
14119
251281
77894
158359
7482
66601
105294
12178
294465
173993
177481
7747
5817
151633
131139
22222
40986
321554
42164
310439
238626
200653
127172
16547
68137
313808
15742
15722
265835
242170
3329
170721
7469
5664
94845
7158
304479
2825
124575
314392
18608
14771
2933
9747
160387
95520
6985
76260
5085
234496
16508
178549
18270
283282
151817
18676
307250
9112
7686
258361
151808
3813
209441
14729
151785
33038
141084
758
219861
142923
212317
161197
13026
158511
90530
296929
124428
263012
8284
1738
7412
188279
283519
14273
4537
386
5671
2724
86419
135204
119278
6902
2583
103834
9529
2939
616
17409
727
7541
7190
35607
6853
8979
672
1620
86161
108035
93460
12127
88230
242684
4831
53847
112576
5781
10015
138296
18121
283104
11041
68674
4434
1755
160308
15800
94841
219068
252419
92870
18824
298460
135484
7708
288217
286429
8865
15514
8184
2607
143328
107318
282200
82949
258276
9454
52674
219898
14464
5742
136004
165065
549
191114
3438
1713
10765
10280
172584
5056
6283
794
4677
150700
31911
72490
5190
55738
112455
277228

73650
273592
12004
71820
282479
8202
142135
15604
154809
176601
4708
11576
313587
9551
144358
667
39496
166
14649
13299
127760
98290
279824
